38.661153;-9.202744;549.593010;5;0;25
38.661278;-9.202666;549.186020;5;0;25
38.661402;-9.202589;548.779030;5;0;25
38.661527;-9.202511;548.372040;5;0;25
38.661651;-9.202434;547.965049;5;0;25
38.661775;-9.202357;547.558059;5;0;25
38.661900;-9.202279;547.151069;5;0;25
38.662024;-9.202202;546.744079;5;0;25
38.662148;-9.202125;546.337089;5;0;25
38.662273;-9.202047;545.930099;5;0;25
38.662397;-9.201970;545.523109;5;0;25
38.662522;-9.201892;545.116119;5;0;25
38.662646;-9.201815;544.709129;5;0;25
38.662770;-9.201738;544.302139;5;0;25
38.662895;-9.201660;543.895148;5;0;25
38.663019;-9.201583;543.488158;5;0;25
38.663143;-9.201506;543.081168;5;0;25
38.663268;-9.201428;542.674178;5;0;25
38.663392;-9.201351;542.267188;5;0;25
38.663517;-9.201273;541.860198;5;0;25
38.663641;-9.201196;541.453208;5;0;25
38.663765;-9.201119;541.046218;5;0;25
38.663890;-9.201041;540.639228;5;0;25
38.664014;-9.200964;540.232238;5;0;25
38.664139;-9.200886;539.825247;5;0;25
38.664263;-9.200809;539.418257;5;0;25
38.664387;-9.200732;539.011267;5;0;25
38.664512;-9.200654;538.604277;5;0;25
38.664636;-9.200577;538.197287;5;0;25
38.664760;-9.200500;537.790297;5;0;25
38.664885;-9.200422;537.383307;5;0;25
38.665009;-9.200345;536.976317;5;0;25
38.665134;-9.200267;536.569327;5;0;25
38.665258;-9.200190;536.162337;5;0;25
38.665382;-9.200113;535.755346;5;0;25
38.665507;-9.200035;535.348356;5;0;25
38.665631;-9.199958;534.941366;5;0;25
38.665755;-9.199881;534.534376;5;0;25
38.665880;-9.199803;534.127386;5;0;25
38.666004;-9.199726;533.720396;5;0;25
38.666129;-9.199648;533.313406;5;0;25
38.666253;-9.199571;532.906416;5;0;25
38.666377;-9.199494;532.499426;5;0;25
38.666502;-9.199416;532.092436;5;0;25
38.666626;-9.199339;531.685445;5;0;25
38.666750;-9.199262;531.278455;5;0;25
38.666875;-9.199184;530.871465;5;0;25
38.666999;-9.199107;530.464475;5;0;25
38.667124;-9.199029;530.057485;5;0;25
38.667248;-9.198952;529.650495;5;0;25
38.667372;-9.198875;529.243505;5;0;25
38.667497;-9.198797;528.836515;5;0;25
38.667621;-9.198720;528.429525;5;0;25
38.667746;-9.198642;528.022535;5;0;25
38.667870;-9.198565;527.615544;5;0;25
38.667994;-9.198488;527.208554;5;0;25
38.668119;-9.198410;526.801564;5;0;25
38.668243;-9.198333;526.394574;5;0;25
38.668367;-9.198256;525.987584;5;0;25
38.668492;-9.198178;525.580594;5;0;25
38.668616;-9.198101;525.173604;5;0;25
38.668741;-9.198023;524.766614;5;0;25
38.668865;-9.197946;524.359624;5;0;25
38.668989;-9.197869;523.952634;5;0;25
38.669114;-9.197791;523.545643;5;0;25
38.669238;-9.197714;523.138653;5;0;25
38.669362;-9.197637;522.731663;5;0;25
38.669487;-9.197559;522.324673;5;0;25
38.669611;-9.197482;521.917683;5;0;25
38.669736;-9.197404;521.510693;5;0;25
38.669860;-9.197327;521.103703;5;0;25
38.669984;-9.197250;520.696713;5;0;25
38.670109;-9.197172;520.289723;5;0;25
38.670233;-9.197095;519.882733;5;0;25
38.670358;-9.197017;519.475742;5;0;25
38.670482;-9.196940;519.068752;5;0;25
38.670606;-9.196863;518.661762;5;0;25
38.670731;-9.196785;518.254772;5;0;25
38.670855;-9.196708;517.847782;5;0;25
38.670979;-9.196631;517.440792;5;0;25
38.671104;-9.196553;517.033802;5;0;25
38.671228;-9.196476;516.626812;5;0;25
38.671353;-9.196398;516.219822;5;0;25
38.671477;-9.196321;515.812832;5;0;25
38.671601;-9.196244;515.405841;5;0;25
38.671726;-9.196166;514.998851;5;0;25
38.671850;-9.196089;514.591861;5;0;25
38.671974;-9.196012;514.184871;5;0;25
38.672099;-9.195934;513.777881;5;0;25
38.672223;-9.195857;513.370891;5;0;25
38.672348;-9.195779;512.963901;5;0;25
38.672472;-9.195702;512.556911;5;0;25
38.672596;-9.195625;512.149921;5;0;25
38.672721;-9.195547;511.742931;5;0;25
38.672845;-9.195470;511.335940;5;0;25
38.672969;-9.195393;510.928950;5;0;25
38.673094;-9.195315;510.521960;5;0;25
38.673218;-9.195238;510.114970;5;0;25
38.673343;-9.195160;509.707980;5;0;25
38.673467;-9.195083;509.300990;5;0;25
38.673591;-9.195006;508.894000;5;0;25
38.673716;-9.194928;508.487010;5;0;25
38.673840;-9.194851;508.080020;5;0;25
38.673965;-9.194773;507.673030;5;0;25
38.674089;-9.194696;507.266039;5;0;25
38.674213;-9.194619;506.859049;5;0;25
38.674338;-9.194541;506.452059;5;0;25
38.674462;-9.194464;506.045069;5;0;25
38.674586;-9.194387;505.638079;5;0;25
38.674711;-9.194309;505.231089;5;0;25
38.674835;-9.194232;504.824099;5;0;25
38.674960;-9.194154;504.417109;5;0;25
38.675084;-9.194077;504.010119;5;0;25
38.675208;-9.194000;503.603129;5;0;25
38.675333;-9.193922;503.196138;5;0;25
38.675457;-9.193845;502.789148;5;0;25
38.675581;-9.193768;502.382158;5;0;25
38.675706;-9.193690;501.975168;5;0;25
38.675830;-9.193613;501.568178;5;0;25
38.675955;-9.193535;501.161188;5;0;25
38.676079;-9.193458;500.754198;5;0;25
38.676203;-9.193381;500.347208;5;0;25
38.676328;-9.193303;499.940218;5;0;25
38.676452;-9.193226;499.533228;5;0;25
38.676576;-9.193148;499.126237;5;0;25
38.676701;-9.193071;498.719247;5;0;25
38.676825;-9.192994;498.312257;5;0;25
38.676950;-9.192916;497.905267;5;0;25
38.677074;-9.192839;497.498277;5;0;25
38.677198;-9.192762;497.091287;5;0;25
38.677323;-9.192684;496.684297;5;0;25
38.677447;-9.192607;496.277307;5;0;25
38.677572;-9.192529;495.870317;5;0;25
38.677696;-9.192452;495.463327;5;0;25
38.677820;-9.192375;495.056336;5;0;25
38.677945;-9.192297;494.649346;5;0;25
38.678069;-9.192220;494.242356;5;0;25
38.678193;-9.192143;493.835366;5;0;25
38.678318;-9.192065;493.428376;5;0;25
38.678442;-9.191988;493.021386;5;0;25
38.678567;-9.191910;492.614396;5;0;25
38.678691;-9.191833;492.207406;5;0;25
38.678815;-9.191756;491.800416;5;0;25
38.678940;-9.191678;491.393426;5;0;25
38.679064;-9.191601;490.986435;5;0;25
38.679188;-9.191524;490.579445;5;0;25
38.679313;-9.191446;490.172455;5;0;25
38.679437;-9.191369;489.765465;5;0;25
38.679562;-9.191291;489.358475;5;0;25
38.679686;-9.191214;488.951485;5;0;25
38.679810;-9.191137;488.544495;5;0;25
38.679935;-9.191059;488.137505;5;0;25
38.680059;-9.190982;487.730515;5;0;25
38.680184;-9.190904;487.323525;5;0;25
38.680308;-9.190827;486.916534;5;0;25
38.680432;-9.190750;486.509544;5;0;25
38.680557;-9.190672;486.102554;5;0;25
38.680681;-9.190595;485.695564;5;0;25
38.680805;-9.190518;485.288574;5;0;25
38.680930;-9.190440;484.881584;5;0;25
38.681054;-9.190363;484.474594;5;0;25
38.681179;-9.190285;484.067604;5;0;25
38.681303;-9.190208;483.660614;5;0;25
38.681427;-9.190131;483.253624;5;0;25
38.681552;-9.190053;482.846633;5;0;25
38.681676;-9.189976;482.439643;5;0;25
38.681800;-9.189899;482.032653;5;0;25
38.681925;-9.189821;481.625663;5;0;25
38.682049;-9.189744;481.218673;5;0;25
38.682174;-9.189666;480.811683;5;0;25
38.682298;-9.189589;480.404693;5;0;25
38.682422;-9.189512;479.997703;5;0;25
38.682547;-9.189434;479.590713;5;0;25
38.682671;-9.189357;479.183723;5;0;25
38.682795;-9.189279;478.776732;5;0;25
38.682920;-9.189202;478.369742;5;0;25
38.683044;-9.189125;477.962752;5;0;25
38.683169;-9.189047;477.555762;5;0;25
38.683293;-9.188970;477.148772;5;0;25
38.683417;-9.188893;476.741782;5;0;25
38.683542;-9.188815;476.334792;5;0;25
38.683666;-9.188738;475.927802;5;0;25
38.683791;-9.188660;475.520812;5;0;25
38.683915;-9.188583;475.113822;5;0;25
38.684039;-9.188506;474.706831;5;0;25
38.684164;-9.188428;474.299841;5;0;25
38.684288;-9.188351;473.892851;5;0;25
38.684412;-9.188274;473.485861;5;0;25
38.684537;-9.188196;473.078871;5;0;25
38.684661;-9.188119;472.671881;5;0;25
38.684786;-9.188041;472.264891;5;0;25
38.684910;-9.187964;471.857901;5;0;25
38.685034;-9.187887;471.450911;5;0;25
38.685159;-9.187809;471.043921;5;0;25
38.685283;-9.187732;470.636930;5;0;25
38.685407;-9.187655;470.229940;5;0;25
38.685532;-9.187577;469.822950;5;0;25
38.685656;-9.187500;469.415960;5;0;25
38.685781;-9.187422;469.008970;5;0;25
38.685905;-9.187345;468.601980;5;0;25
38.686029;-9.187268;468.194990;5;0;25
38.686154;-9.187190;467.788000;5;0;25
38.686278;-9.187113;467.381010;5;0;25
38.686403;-9.187035;466.974020;5;0;25
38.686527;-9.186958;466.567029;5;0;25
38.686651;-9.186881;466.160039;5;0;25
38.686776;-9.186803;465.753049;5;0;25
38.686900;-9.186726;465.346059;5;0;25
38.687024;-9.186649;464.939069;5;0;25
38.687149;-9.186571;464.532079;5;0;25
38.687273;-9.186494;464.125089;5;0;25
38.687398;-9.186416;463.718099;5;0;25
38.687522;-9.186339;463.311109;5;0;25
38.687646;-9.186262;462.904119;5;0;25
38.687771;-9.186184;462.497128;5;0;25
38.687895;-9.186107;462.090138;5;0;25
38.688019;-9.186030;461.683148;5;0;25
38.688144;-9.185952;461.276158;5;0;25
38.688268;-9.185875;460.869168;5;0;25
38.688393;-9.185797;460.462178;5;0;25
38.688517;-9.185720;460.055188;5;0;25
38.688641;-9.185643;459.648198;5;0;25
38.688766;-9.185565;459.241208;5;0;25
38.688890;-9.185488;458.834218;5;0;25
38.689014;-9.185410;458.427227;5;0;25
38.689139;-9.185333;458.020237;5;0;25
38.689263;-9.185256;457.613247;5;0;25
38.689388;-9.185178;457.206257;5;0;25
38.689512;-9.185101;456.799267;5;0;25
38.689636;-9.185024;456.392277;5;0;25
38.689761;-9.184946;455.985287;5;0;25
38.689885;-9.184869;455.578297;5;0;25
38.690010;-9.184791;455.171307;5;0;25
38.690134;-9.184714;454.764317;5;0;25
38.690258;-9.184637;454.357326;5;0;25
38.690383;-9.184559;453.950336;5;0;25
38.690507;-9.184482;453.543346;5;0;25
38.690631;-9.184405;453.136356;5;0;25
38.690756;-9.184327;452.729366;5;0;25
38.690880;-9.184250;452.322376;5;0;25
38.691005;-9.184172;451.915386;5;0;25
38.691129;-9.184095;451.508396;5;0;25
38.691253;-9.184018;451.101406;5;0;25
38.691378;-9.183940;450.694416;5;0;25
38.691502;-9.183863;450.287425;5;0;25
38.691626;-9.183786;449.880435;5;0;25
38.691751;-9.183708;449.473445;5;0;25
38.691875;-9.183631;449.066455;5;0;25
38.692000;-9.183553;448.659465;5;0;25
38.692124;-9.183476;448.252475;5;0;25
38.692248;-9.183399;447.845485;5;0;25
38.692373;-9.183321;447.438495;5;0;25
38.692497;-9.183244;447.031505;5;0;25
38.692622;-9.183166;446.624515;5;0;25
38.692746;-9.183089;446.217524;5;0;25
38.692870;-9.183012;445.810534;5;0;25
38.692995;-9.182934;445.403544;5;0;25
38.693119;-9.182857;444.996554;5;0;25
38.693243;-9.182780;444.589564;5;0;25
38.693368;-9.182702;444.182574;5;0;25
38.693492;-9.182625;443.775584;5;0;25
38.693617;-9.182547;443.368594;5;0;25
38.693741;-9.182470;442.961604;5;0;25
38.693865;-9.182393;442.554614;5;0;25
38.693990;-9.182315;442.147623;5;0;25
38.694114;-9.182238;441.740633;5;0;25
38.694238;-9.182161;441.333643;5;0;25
38.694363;-9.182083;440.926653;5;0;25
38.694487;-9.182006;440.519663;5;0;25
38.694612;-9.181928;440.112673;5;0;25
38.694736;-9.181851;439.705683;5;0;25
38.694860;-9.181774;439.298693;5;0;25
38.694985;-9.181696;438.891703;5;0;25
38.695109;-9.181619;438.484713;5;0;25
38.695234;-9.181541;438.077722;5;0;25
38.695358;-9.181464;437.670732;5;0;25
38.695482;-9.181387;437.263742;5;0;25
38.695607;-9.181309;436.856752;5;0;25
38.695731;-9.181232;436.449762;5;0;25
38.695855;-9.181155;436.042772;5;0;25
38.695980;-9.181077;435.635782;5;0;25
38.696104;-9.181000;435.228792;5;0;25
38.696229;-9.180922;434.821802;5;0;25
38.696353;-9.180845;434.414812;5;0;25
38.696477;-9.180768;434.007821;5;0;25
38.696602;-9.180690;433.600831;5;0;25
38.696726;-9.180613;433.193841;5;0;25
38.696850;-9.180536;432.786851;5;0;25
38.696975;-9.180458;432.379861;5;0;25
38.697099;-9.180381;431.972871;5;0;25
38.697224;-9.180303;431.565881;5;0;25
38.697348;-9.180226;431.158891;5;0;25
38.697472;-9.180149;430.751901;5;0;25
38.697597;-9.180071;430.344911;5;0;25
38.697721;-9.179994;429.937920;5;0;25
38.697845;-9.179917;429.530930;5;0;25
38.697970;-9.179839;429.123940;5;0;25
38.698094;-9.179762;428.716950;5;0;25
38.698219;-9.179684;428.309960;5;0;25
38.698343;-9.179607;427.902970;5;0;25
38.698467;-9.179530;427.495980;5;0;25
38.698592;-9.179452;427.088990;5;0;25
38.698716;-9.179375;426.682000;5;0;25
38.698841;-9.179297;426.275010;5;0;25
38.698965;-9.179220;425.868019;5;0;25
38.699089;-9.179143;425.461029;5;0;25
38.699214;-9.179065;425.054039;5;0;25
38.699338;-9.178988;424.647049;5;0;25
38.699462;-9.178911;424.240059;5;0;25
38.699587;-9.178833;423.833069;5;0;25
38.699711;-9.178756;423.426079;5;0;25
38.699836;-9.178678;423.019089;5;0;25
38.699960;-9.178601;422.612099;5;0;25
38.700084;-9.178524;422.205109;5;0;25
38.700209;-9.178446;421.798118;5;0;25
38.700333;-9.178369;421.391128;5;0;25
38.700457;-9.178292;420.984138;5;0;25
38.700582;-9.178214;420.577148;5;0;25
38.700706;-9.178137;420.170158;5;0;25
38.700831;-9.178059;419.763168;5;0;25
38.700955;-9.177982;419.356178;5;0;25
38.701079;-9.177905;418.949188;5;0;25
38.701204;-9.177827;418.542198;5;0;25
38.701328;-9.177750;418.135208;5;0;25
38.701453;-9.177672;417.728217;5;0;25
38.701577;-9.177595;417.321227;5;0;25
38.701701;-9.177518;416.914237;5;0;25
38.701826;-9.177440;416.507247;5;0;25
38.701950;-9.177363;416.100257;5;0;25
38.702074;-9.177286;415.693267;5;0;25
38.702199;-9.177208;415.286277;5;0;25
38.702323;-9.177131;414.879287;5;0;25
38.702448;-9.177053;414.472297;5;0;25
38.702572;-9.176976;414.065307;5;0;25
38.702696;-9.176899;413.658316;5;0;25
38.702821;-9.176821;413.251326;5;0;25
38.702945;-9.176744;412.844336;5;0;25
38.703069;-9.176667;412.437346;5;0;25
38.703194;-9.176589;412.030356;5;0;25
38.703318;-9.176512;411.623366;5;0;25
38.703443;-9.176434;411.216376;5;0;25
38.703567;-9.176357;410.809386;5;0;25
38.703691;-9.176280;410.402396;5;0;25
38.703816;-9.176202;409.995406;5;0;25
38.703940;-9.176125;409.588415;5;0;25
38.704064;-9.176048;409.181425;5;0;25
38.704189;-9.175970;408.774435;5;0;25
38.704313;-9.175893;408.367445;5;0;25
38.704438;-9.175815;407.960455;5;0;25
38.704562;-9.175738;407.553465;5;0;25
38.704686;-9.175661;407.146475;5;0;25
38.704811;-9.175583;406.739485;5;0;25
38.704935;-9.175506;406.332495;5;0;25
38.705060;-9.175428;405.925505;5;0;25
38.705184;-9.175351;405.518514;5;0;25
38.705308;-9.175274;405.111524;5;0;25
38.705433;-9.175196;404.704534;5;0;25
38.705557;-9.175119;404.297544;5;0;25
38.705681;-9.175042;403.890554;5;0;25
38.705806;-9.174964;403.483564;5;0;25
38.705930;-9.174887;403.076574;5;0;25
38.706055;-9.174809;402.669584;5;0;25
38.706179;-9.174732;402.262594;5;0;25
38.706303;-9.174655;401.855604;5;0;25
38.706428;-9.174577;401.448613;5;0;25
38.706552;-9.174500;401.041623;5;0;25
38.706676;-9.174423;400.634633;5;0;25
38.706801;-9.174345;400.227643;5;0;25
38.706925;-9.174268;399.820653;5;0;25
38.707050;-9.174190;399.413663;5;0;25
38.707174;-9.174113;399.006673;5;0;25
38.707298;-9.174036;398.599683;5;0;25
38.707423;-9.173958;398.192693;5;0;25
38.707547;-9.173881;397.785703;5;0;25
38.707671;-9.173804;397.378712;5;0;25
38.707796;-9.173726;396.971722;5;0;25
38.707920;-9.173649;396.564732;5;0;25
38.708045;-9.173571;396.157742;5;0;25
38.708169;-9.173494;395.750752;5;0;25
38.708293;-9.173417;395.343762;5;0;25
38.708418;-9.173339;394.936772;5;0;25
38.708542;-9.173262;394.529782;5;0;25
38.708667;-9.173184;394.122792;5;0;25
38.708791;-9.173107;393.715802;5;0;25
38.708915;-9.173030;393.308811;5;0;25
38.709040;-9.172952;392.901821;5;0;25
38.709164;-9.172875;392.494831;5;0;25
38.709288;-9.172798;392.087841;5;0;25
38.709413;-9.172720;391.680851;5;0;25
38.709537;-9.172643;391.273861;5;0;25
38.709662;-9.172565;390.866871;5;0;25
38.709786;-9.172488;390.459881;5;0;25
38.709910;-9.172411;390.052891;5;0;25
38.710035;-9.172333;389.645901;5;0;25
38.710159;-9.172256;389.238910;5;0;25
38.710283;-9.172179;388.831920;5;0;25
38.710408;-9.172101;388.424930;5;0;25
38.710532;-9.172024;388.017940;5;0;25
38.710657;-9.171946;387.610950;5;0;25
38.710781;-9.171869;387.203960;5;0;25
38.710905;-9.171792;386.796970;5;0;25
38.711030;-9.171714;386.389980;5;0;25
38.711154;-9.171637;385.982990;5;0;25
38.711279;-9.171559;385.576000;5;0;25
38.711403;-9.171482;385.169009;5;0;25
38.711527;-9.171405;384.762019;5;0;25
38.711652;-9.171327;384.355029;5;0;25
38.711776;-9.171250;383.948039;5;0;25
38.711900;-9.171173;383.541049;5;0;25
38.712025;-9.171095;383.134059;5;0;25
38.712149;-9.171018;382.727069;5;0;25
38.712274;-9.170940;382.320079;5;0;25
38.712398;-9.170863;381.913089;5;0;25
38.712522;-9.170786;381.506099;5;0;25
38.712647;-9.170708;381.099108;5;0;25
38.712771;-9.170631;380.692118;5;0;25
38.712895;-9.170554;380.285128;5;0;25
38.713020;-9.170476;379.878138;5;0;25
38.713144;-9.170399;379.471148;5;0;25
38.713269;-9.170321;379.064158;5;0;25
38.713393;-9.170244;378.657168;5;0;25
38.713517;-9.170167;378.250178;5;0;25
38.713642;-9.170089;377.843188;5;0;25
38.713766;-9.170012;377.436198;5;0;25
38.713890;-9.169935;377.029207;5;0;25
38.714015;-9.169857;376.622217;5;0;25
38.714139;-9.169780;376.215227;5;0;25
38.714264;-9.169702;375.808237;5;0;25
38.714388;-9.169625;375.401247;5;0;25
38.714512;-9.169548;374.994257;5;0;25
38.714637;-9.169470;374.587267;5;0;25
38.714761;-9.169393;374.180277;5;0;25
38.714886;-9.169315;373.773287;5;0;25
38.715010;-9.169238;373.366297;5;0;25
38.715134;-9.169161;372.959306;5;0;25
38.715259;-9.169083;372.552316;5;0;25
38.715383;-9.169006;372.145326;5;0;25
38.715507;-9.168929;371.738336;5;0;25
38.715632;-9.168851;371.331346;5;0;25
38.715756;-9.168774;370.924356;5;0;25
38.715881;-9.168696;370.517366;5;0;25
38.716005;-9.168619;370.110376;5;0;25
38.716129;-9.168542;369.703386;5;0;25
38.716254;-9.168464;369.296396;5;0;25
38.716378;-9.168387;368.889405;5;0;25
38.716502;-9.168310;368.482415;5;0;25
38.716627;-9.168232;368.075425;5;0;25
38.716751;-9.168155;367.668435;5;0;25
38.716876;-9.168077;367.261445;5;0;25
38.717000;-9.168000;366.854455;5;0;25
38.717000;-9.168000;366.854455;5;0;25
38.717043;-9.167976;366.582711;5;0;25
38.717087;-9.167952;366.310967;5;0;25
38.717130;-9.167927;366.039223;5;0;25
38.717174;-9.167903;365.767479;5;0;25
38.717217;-9.167879;365.495735;5;0;25
38.717260;-9.167855;365.223991;5;0;25
38.717304;-9.167831;364.952247;5;0;25
38.717347;-9.167807;364.680503;5;0;25
38.717391;-9.167782;364.408759;5;0;25
38.717434;-9.167758;364.137015;5;0;25
38.717477;-9.167734;363.865271;5;0;25
38.717521;-9.167710;363.593526;5;0;25
38.717564;-9.167686;363.321782;5;0;25
38.717608;-9.167662;363.050038;5;0;25
38.717651;-9.167637;362.778294;5;0;25
38.717694;-9.167613;362.506550;5;0;25
38.717738;-9.167589;362.234806;5;0;25
38.717781;-9.167565;361.963062;5;0;25
38.717825;-9.167541;361.691318;5;0;25
38.717868;-9.167516;361.419574;5;0;25
38.717911;-9.167492;361.147830;5;0;25
38.717955;-9.167468;360.876086;5;0;25
38.717998;-9.167444;360.604342;5;0;25
38.718042;-9.167420;360.332598;5;0;25
38.718085;-9.167396;360.060854;5;0;25
38.718128;-9.167371;359.789110;5;0;25
38.718172;-9.167347;359.517366;5;0;25
38.718215;-9.167323;359.245622;5;0;25
38.718259;-9.167299;358.973878;5;0;25
38.718302;-9.167275;358.702134;5;0;25
38.718345;-9.167250;358.430390;5;0;25
38.718389;-9.167226;358.158646;5;0;25
38.718432;-9.167202;357.886902;5;0;25
38.718476;-9.167178;357.615158;5;0;25
38.718519;-9.167154;357.343414;5;0;25
38.718562;-9.167130;357.071670;5;0;25
38.718606;-9.167105;356.799925;5;0;25
38.718649;-9.167081;356.528181;5;0;25
38.718693;-9.167057;356.256437;5;0;25
38.718736;-9.167033;355.984693;5;0;25
38.718779;-9.167009;355.712949;5;0;25
38.718823;-9.166985;355.441205;5;0;25
38.718866;-9.166960;355.169461;5;0;25
38.718910;-9.166936;354.897717;5;0;25
38.718953;-9.166912;354.625973;5;0;25
38.718996;-9.166888;354.354229;5;0;25
38.719040;-9.166864;354.082485;5;0;25
38.719083;-9.166839;353.810741;5;0;25
38.719127;-9.166815;353.538997;5;0;25
38.719170;-9.166791;353.267253;5;0;25
38.719213;-9.166767;352.995509;5;0;25
38.719257;-9.166743;352.723765;5;0;25
38.719300;-9.166719;352.452021;5;0;25
38.719344;-9.166694;352.180277;5;0;25
38.719387;-9.166670;351.908533;5;0;25
38.719430;-9.166646;351.636789;5;0;25
38.719474;-9.166622;351.365045;5;0;25
38.719517;-9.166598;351.093301;5;0;25
38.719561;-9.166574;350.821557;5;0;25
38.719604;-9.166549;350.549813;5;0;25
38.719647;-9.166525;350.278068;5;0;25
38.719691;-9.166501;350.006324;5;0;25
38.719734;-9.166477;349.734580;5;0;25
38.719778;-9.166453;349.462836;5;0;25
38.719821;-9.166428;349.191092;5;0;25
38.719864;-9.166404;348.919348;5;0;25
38.719908;-9.166380;348.647604;5;0;25
38.719951;-9.166356;348.375860;5;0;25
38.719995;-9.166332;348.104116;5;0;25
38.720038;-9.166308;347.832372;5;0;25
38.720081;-9.166283;347.560628;5;0;25
38.720125;-9.166259;347.288884;5;0;25
38.720168;-9.166235;347.017140;5;0;25
38.720212;-9.166211;346.745396;5;0;25
38.720255;-9.166187;346.473652;5;0;25
38.720298;-9.166162;346.201908;5;0;25
38.720342;-9.166138;345.930164;5;0;25
38.720385;-9.166114;345.658420;5;0;25
38.720429;-9.166090;345.386676;5;0;25
38.720472;-9.166066;345.114932;5;0;25
38.720515;-9.166042;344.843188;5;0;25
38.720559;-9.166017;344.571444;5;0;25
38.720602;-9.165993;344.299700;5;0;25
38.720646;-9.165969;344.027956;5;0;25
38.720689;-9.165945;343.756212;5;0;25
38.720732;-9.165921;343.484467;5;0;25
38.720776;-9.165897;343.212723;5;0;25
38.720819;-9.165872;342.940979;5;0;25
38.720863;-9.165848;342.669235;5;0;25
38.720906;-9.165824;342.397491;5;0;25
38.720949;-9.165800;342.125747;5;0;25
38.720993;-9.165776;341.854003;5;0;25
38.721036;-9.165751;341.582259;5;0;25
38.721080;-9.165727;341.310515;5;0;25
38.721123;-9.165703;341.038771;5;0;25
38.721166;-9.165679;340.767027;5;0;25
38.721210;-9.165655;340.495283;5;0;25
38.721253;-9.165631;340.223539;5;0;25
38.721297;-9.165606;339.951795;5;0;25
38.721340;-9.165582;339.680051;5;0;25
38.721383;-9.165558;339.408307;5;0;25
38.721427;-9.165534;339.136563;5;0;25
38.721470;-9.165510;338.864819;5;0;25
38.721514;-9.165486;338.593075;5;0;25
38.721557;-9.165461;338.321331;5;0;25
38.721600;-9.165437;338.049587;5;0;25
38.721644;-9.165413;337.777843;5;0;25
38.721687;-9.165389;337.506099;5;0;25
38.721731;-9.165365;337.234355;5;0;25
38.721774;-9.165340;336.962611;5;0;25
38.721817;-9.165316;336.690866;5;0;25
38.721861;-9.165292;336.419122;5;0;25
38.721904;-9.165268;336.147378;5;0;25
38.721948;-9.165244;335.875634;5;0;25
38.721991;-9.165220;335.603890;5;0;25
38.722034;-9.165195;335.332146;5;0;25
38.722078;-9.165171;335.060402;5;0;25
38.722121;-9.165147;334.788658;5;0;25
38.722165;-9.165123;334.516914;5;0;25
38.722208;-9.165099;334.245170;5;0;25
38.722251;-9.165074;333.973426;5;0;25
38.722295;-9.165050;333.701682;5;0;25
38.722338;-9.165026;333.429938;5;0;25
38.722382;-9.165002;333.158194;5;0;25
38.722425;-9.164978;332.886450;5;0;25
38.722468;-9.164954;332.614706;5;0;25
38.722512;-9.164929;332.342962;5;0;25
38.722555;-9.164905;332.071218;5;0;25
38.722599;-9.164881;331.799474;5;0;25
38.722642;-9.164857;331.527730;5;0;25
38.722685;-9.164833;331.255986;5;0;25
38.722729;-9.164809;330.984242;5;0;25
38.722772;-9.164784;330.712498;5;0;25
38.722816;-9.164760;330.440754;5;0;25
38.722859;-9.164736;330.169009;5;0;25
38.722902;-9.164712;329.897265;5;0;25
38.722946;-9.164688;329.625521;5;0;25
38.722989;-9.164663;329.353777;5;0;25
38.723033;-9.164639;329.082033;5;0;25
38.723076;-9.164615;328.810289;5;0;25
38.723119;-9.164591;328.538545;5;0;25
38.723163;-9.164567;328.266801;5;0;25
38.723206;-9.164543;327.995057;5;0;25
38.723250;-9.164518;327.723313;5;0;25
38.723293;-9.164494;327.451569;5;0;25
38.723336;-9.164470;327.179825;5;0;25
38.723380;-9.164446;326.908081;5;0;25
38.723423;-9.164422;326.636337;5;0;25
38.723467;-9.164398;326.364593;5;0;25
38.723510;-9.164373;326.092849;5;0;25
38.723553;-9.164349;325.821105;5;0;25
38.723597;-9.164325;325.549361;5;0;25
38.723640;-9.164301;325.277617;5;0;25
38.723684;-9.164277;325.005873;5;0;25
38.723727;-9.164252;324.734129;5;0;25
38.723770;-9.164228;324.462385;5;0;25
38.723814;-9.164204;324.190641;5;0;25
38.723857;-9.164180;323.918897;5;0;25
38.723901;-9.164156;323.647153;5;0;25
38.723944;-9.164132;323.375408;5;0;25
38.723987;-9.164107;323.103664;5;0;25
38.724031;-9.164083;322.831920;5;0;25
38.724074;-9.164059;322.560176;5;0;25
38.724118;-9.164035;322.288432;5;0;25
38.724161;-9.164011;322.016688;5;0;25
38.724204;-9.163986;321.744944;5;0;25
38.724248;-9.163962;321.473200;5;0;25
38.724291;-9.163938;321.201456;5;0;25
38.724335;-9.163914;320.929712;5;0;25
38.724378;-9.163890;320.657968;5;0;25
38.724421;-9.163866;320.386224;5;0;25
38.724465;-9.163841;320.114480;5;0;25
38.724508;-9.163817;319.842736;5;0;25
38.724552;-9.163793;319.570992;5;0;25
38.724595;-9.163769;319.299248;5;0;25
38.724638;-9.163745;319.027504;5;0;25
38.724682;-9.163721;318.755760;5;0;25
38.724725;-9.163696;318.484016;5;0;25
38.724769;-9.163672;318.212272;5;0;25
38.724812;-9.163648;317.940528;5;0;25
38.724855;-9.163624;317.668784;5;0;25
38.724899;-9.163600;317.397040;5;0;25
38.724942;-9.163575;317.125296;5;0;25
38.724986;-9.163551;316.853551;5;0;25
38.725029;-9.163527;316.581807;5;0;25
38.725072;-9.163503;316.310063;5;0;25
38.725116;-9.163479;316.038319;5;0;25
38.725159;-9.163455;315.766575;5;0;25
38.725203;-9.163430;315.494831;5;0;25
38.725246;-9.163406;315.223087;5;0;25
38.725289;-9.163382;314.951343;5;0;25
38.725333;-9.163358;314.679599;5;0;25
38.725376;-9.163334;314.407855;5;0;25
38.725420;-9.163310;314.136111;5;0;25
38.725463;-9.163285;313.864367;5;0;25
38.725506;-9.163261;313.592623;5;0;25
38.725550;-9.163237;313.320879;5;0;25
38.725593;-9.163213;313.049135;5;0;25
38.725637;-9.163189;312.777391;5;0;25
38.725680;-9.163164;312.505647;5;0;25
38.725723;-9.163140;312.233903;5;0;25
38.725767;-9.163116;311.962159;5;0;25
38.725810;-9.163092;311.690415;5;0;25
38.725854;-9.163068;311.418671;5;0;25
38.725897;-9.163044;311.146927;5;0;25
38.725940;-9.163019;310.875183;5;0;25
38.725984;-9.162995;310.603439;5;0;25
38.726027;-9.162971;310.331695;5;0;25
38.726071;-9.162947;310.059950;5;0;25
38.726114;-9.162923;309.788206;5;0;25
38.726157;-9.162898;309.516462;5;0;25
38.726201;-9.162874;309.244718;5;0;25
38.726244;-9.162850;308.972974;5;0;25
38.726288;-9.162826;308.701230;5;0;25
38.726331;-9.162802;308.429486;5;0;25
38.726374;-9.162778;308.157742;5;0;25
38.726418;-9.162753;307.885998;5;0;25
38.726461;-9.162729;307.614254;5;0;25
38.726505;-9.162705;307.342510;5;0;25
38.726548;-9.162681;307.070766;5;0;25
38.726591;-9.162657;306.799022;5;0;25
38.726635;-9.162633;306.527278;5;0;25
38.726678;-9.162608;306.255534;5;0;25
38.726722;-9.162584;305.983790;5;0;25
38.726765;-9.162560;305.712046;5;0;25
38.726808;-9.162536;305.440302;5;0;25
38.726852;-9.162512;305.168558;5;0;25
38.726895;-9.162487;304.896814;5;0;25
38.726939;-9.162463;304.625070;5;0;25
38.726982;-9.162439;304.353326;5;0;25
38.727025;-9.162415;304.081582;5;0;25
38.727069;-9.162391;303.809838;5;0;25
38.727112;-9.162367;303.538093;5;0;25
38.727156;-9.162342;303.266349;5;0;25
38.727199;-9.162318;302.994605;5;0;25
38.727242;-9.162294;302.722861;5;0;25
38.727286;-9.162270;302.451117;5;0;25
38.727329;-9.162246;302.179373;5;0;25
38.727373;-9.162222;301.907629;5;0;25
38.727416;-9.162197;301.635885;5;0;25
38.727459;-9.162173;301.364141;5;0;25
38.727503;-9.162149;301.092397;5;0;25
38.727546;-9.162125;300.820653;5;0;25
38.727590;-9.162101;300.548909;5;0;25
38.727633;-9.162076;300.277165;5;0;25
38.727676;-9.162052;300.005421;5;0;25
38.727720;-9.162028;299.733677;5;0;25
38.727763;-9.162004;299.461933;5;0;25
38.727807;-9.161980;299.190189;5;0;25
38.727850;-9.161956;298.918445;5;0;25
38.727893;-9.161931;298.646701;5;0;25
38.727937;-9.161907;298.374957;5;0;25
38.727980;-9.161883;298.103213;5;0;25
38.728024;-9.161859;297.831469;5;0;25
38.728067;-9.161835;297.559725;5;0;25
38.728110;-9.161810;297.287981;5;0;25
38.728154;-9.161786;297.016237;5;0;25
38.728197;-9.161762;296.744492;5;0;25
38.728241;-9.161738;296.472748;5;0;25
38.728284;-9.161714;296.201004;5;0;25
38.728327;-9.161690;295.929260;5;0;25
38.728371;-9.161665;295.657516;5;0;25
38.728414;-9.161641;295.385772;5;0;25
38.728458;-9.161617;295.114028;5;0;25
38.728501;-9.161593;294.842284;5;0;25
38.728544;-9.161569;294.570540;5;0;25
38.728588;-9.161545;294.298796;5;0;25
38.728631;-9.161520;294.027052;5;0;25
38.728675;-9.161496;293.755308;5;0;25
38.728718;-9.161472;293.483564;5;0;25
38.728761;-9.161448;293.211820;5;0;25
38.728805;-9.161424;292.940076;5;0;25
38.728848;-9.161399;292.668332;5;0;25
38.728892;-9.161375;292.396588;5;0;25
38.728935;-9.161351;292.124844;5;0;25
38.728978;-9.161327;291.853100;5;0;25
38.729022;-9.161303;291.581356;5;0;25
38.729065;-9.161279;291.309612;5;0;25
38.729109;-9.161254;291.037868;5;0;25
38.729152;-9.161230;290.766124;5;0;25
38.729195;-9.161206;290.494380;5;0;25
38.729239;-9.161182;290.222635;5;0;25
38.729282;-9.161158;289.950891;5;0;25
38.729326;-9.161134;289.679147;5;0;25
38.729369;-9.161109;289.407403;5;0;25
38.729412;-9.161085;289.135659;5;0;25
38.729456;-9.161061;288.863915;5;0;25
38.729499;-9.161037;288.592171;5;0;25
38.729543;-9.161013;288.320427;5;0;25
38.729586;-9.160988;288.048683;5;0;25
38.729629;-9.160964;287.776939;5;0;25
38.729673;-9.160940;287.505195;5;0;25
38.729716;-9.160916;287.233451;5;0;25
38.729760;-9.160892;286.961707;5;0;25
38.729803;-9.160868;286.689963;5;0;25
38.729846;-9.160843;286.418219;5;0;25
38.729890;-9.160819;286.146475;5;0;25
38.729933;-9.160795;285.874731;5;0;25
38.729977;-9.160771;285.602987;5;0;25
38.730020;-9.160747;285.331243;5;0;25
38.730063;-9.160722;285.059499;5;0;25
38.730107;-9.160698;284.787755;5;0;25
38.730150;-9.160674;284.516011;5;0;25
38.730194;-9.160650;284.244267;5;0;25
38.730237;-9.160626;283.972523;5;0;25
38.730280;-9.160602;283.700779;5;0;25
38.730324;-9.160577;283.429034;5;0;25
38.730367;-9.160553;283.157290;5;0;25
38.730411;-9.160529;282.885546;5;0;25
38.730454;-9.160505;282.613802;5;0;25
38.730497;-9.160481;282.342058;5;0;25
38.730541;-9.160457;282.070314;5;0;25
38.730584;-9.160432;281.798570;5;0;25
38.730628;-9.160408;281.526826;5;0;25
38.730671;-9.160384;281.255082;5;0;25
38.730714;-9.160360;280.983338;5;0;25
38.730758;-9.160336;280.711594;5;0;25
38.730801;-9.160311;280.439850;5;0;25
38.730845;-9.160287;280.168106;5;0;25
38.730888;-9.160263;279.896362;5;0;25
38.730931;-9.160239;279.624618;5;0;25
38.730975;-9.160215;279.352874;5;0;25
38.731018;-9.160191;279.081130;5;0;25
38.731062;-9.160166;278.809386;5;0;25
38.731105;-9.160142;278.537642;5;0;25
38.731148;-9.160118;278.265898;5;0;25
38.731192;-9.160094;277.994154;5;0;25
38.731235;-9.160070;277.722410;5;0;25
38.731279;-9.160046;277.450666;5;0;25
38.731322;-9.160021;277.178922;5;0;25
38.731365;-9.159997;276.907178;5;0;25
38.731409;-9.159973;276.635433;5;0;25
38.731452;-9.159949;276.363689;5;0;25
38.731496;-9.159925;276.091945;5;0;25
38.731539;-9.159900;275.820201;5;0;25
38.731582;-9.159876;275.548457;5;0;25
38.731626;-9.159852;275.276713;5;0;25
38.731669;-9.159828;275.004969;5;0;25
38.731713;-9.159804;274.733225;5;0;25
38.731756;-9.159780;274.461481;5;0;25
38.731799;-9.159755;274.189737;5;0;25
38.731843;-9.159731;273.917993;5;0;25
38.731886;-9.159707;273.646249;5;0;25
38.731930;-9.159683;273.374505;5;0;25
38.731973;-9.159659;273.102761;5;0;25
38.732016;-9.159634;272.831017;5;0;25
38.732060;-9.159610;272.559273;5;0;25
38.732103;-9.159586;272.287529;5;0;25
38.732147;-9.159562;272.015785;5;0;25
38.732190;-9.159538;271.744041;5;0;25
38.732233;-9.159514;271.472297;5;0;25
38.732277;-9.159489;271.200553;5;0;25
38.732320;-9.159465;270.928809;5;0;25
38.732364;-9.159441;270.657065;5;0;25
38.732407;-9.159417;270.385321;5;0;25
38.732450;-9.159393;270.113576;5;0;25
38.732494;-9.159369;269.841832;5;0;25
38.732537;-9.159344;269.570088;5;0;25
38.732581;-9.159320;269.298344;5;0;25
38.732624;-9.159296;269.026600;5;0;25
38.732667;-9.159272;268.754856;5;0;25
38.732711;-9.159248;268.483112;5;0;25
38.732754;-9.159223;268.211368;5;0;25
38.732798;-9.159199;267.939624;5;0;25
38.732841;-9.159175;267.667880;5;0;25
38.732884;-9.159151;267.396136;5;0;25
38.732928;-9.159127;267.124392;5;0;25
38.732971;-9.159103;266.852648;5;0;25
38.733015;-9.159078;266.580904;5;0;25
38.733058;-9.159054;266.309160;5;0;25
38.733101;-9.159030;266.037416;5;0;25
38.733145;-9.159006;265.765672;5;0;25
38.733188;-9.158982;265.493928;5;0;25
38.733232;-9.158958;265.222184;5;0;25
38.733275;-9.158933;264.950440;5;0;25
38.733318;-9.158909;264.678696;5;0;25
38.733362;-9.158885;264.406952;5;0;25
38.733405;-9.158861;264.135208;5;0;25
38.733449;-9.158837;263.863464;5;0;25
38.733492;-9.158812;263.591720;5;0;25
38.733535;-9.158788;263.319975;5;0;25
38.733579;-9.158764;263.048231;5;0;25
38.733622;-9.158740;262.776487;5;0;25
38.733666;-9.158716;262.504743;5;0;25
38.733709;-9.158692;262.232999;5;0;25
38.733752;-9.158667;261.961255;5;0;25
38.733796;-9.158643;261.689511;5;0;25
38.733839;-9.158619;261.417767;5;0;25
38.733883;-9.158595;261.146023;5;0;25
38.733926;-9.158571;260.874279;5;0;25
38.733969;-9.158546;260.602535;5;0;25
38.734013;-9.158522;260.330791;5;0;25
38.734056;-9.158498;260.059047;5;0;25
38.734100;-9.158474;259.787303;5;0;25
38.734143;-9.158450;259.515559;5;0;25
38.734186;-9.158426;259.243815;5;0;25
38.734230;-9.158401;258.972071;5;0;25
38.734273;-9.158377;258.700327;5;0;25
38.734317;-9.158353;258.428583;5;0;25
38.734360;-9.158329;258.156839;5;0;25
38.734403;-9.158305;257.885095;5;0;25
38.734447;-9.158281;257.613351;5;0;25
38.734490;-9.158256;257.341607;5;0;25
38.734534;-9.158232;257.069863;5;0;25
38.734577;-9.158208;256.798118;5;0;25
38.734620;-9.158184;256.526374;5;0;25
38.734664;-9.158160;256.254630;5;0;25
38.734707;-9.158135;255.982886;5;0;25
38.734751;-9.158111;255.711142;5;0;25
38.734794;-9.158087;255.439398;5;0;25
38.734837;-9.158063;255.167654;5;0;25
38.734881;-9.158039;254.895910;5;0;25
38.734924;-9.158015;254.624166;5;0;25
38.734968;-9.157990;254.352422;5;0;25
38.735011;-9.157966;254.080678;5;0;25
38.735054;-9.157942;253.808934;5;0;25
38.735098;-9.157918;253.537190;5;0;25
38.735141;-9.157894;253.265446;5;0;25
38.735185;-9.157870;252.993702;5;0;25
38.735228;-9.157845;252.721958;5;0;25
38.735271;-9.157821;252.450214;5;0;25
38.735315;-9.157797;252.178470;5;0;25
38.735358;-9.157773;251.906726;5;0;25
38.735402;-9.157749;251.634982;5;0;25
38.735445;-9.157724;251.363238;5;0;25
38.735488;-9.157700;251.091494;5;0;25
38.735532;-9.157676;250.819750;5;0;25
38.735575;-9.157652;250.548006;5;0;25
38.735619;-9.157628;250.276262;5;0;25
38.735662;-9.157604;250.004517;5;0;25
38.735705;-9.157579;249.732773;5;0;25
38.735749;-9.157555;249.461029;5;0;25
38.735792;-9.157531;249.189285;5;0;25
38.735836;-9.157507;248.917541;5;0;25
38.735879;-9.157483;248.645797;5;0;25
38.735922;-9.157458;248.374053;5;0;25
38.735966;-9.157434;248.102309;5;0;25
38.736009;-9.157410;247.830565;5;0;25
38.736053;-9.157386;247.558821;5;0;25
38.736096;-9.157362;247.287077;5;0;25
38.736139;-9.157338;247.015333;5;0;25
38.736183;-9.157313;246.743589;5;0;25
38.736226;-9.157289;246.471845;5;0;25
38.736270;-9.157265;246.200101;5;0;25
38.736313;-9.157241;245.928357;5;0;25
38.736356;-9.157217;245.656613;5;0;25
38.736400;-9.157193;245.384869;5;0;25
38.736443;-9.157168;245.113125;5;0;25
38.736487;-9.157144;244.841381;5;0;25
38.736530;-9.157120;244.569637;5;0;25
38.736573;-9.157096;244.297893;5;0;25
38.736617;-9.157072;244.026149;5;0;25
38.736660;-9.157047;243.754405;5;0;25
38.736704;-9.157023;243.482660;5;0;25
38.736747;-9.156999;243.210916;5;0;25
38.736790;-9.156975;242.939172;5;0;25
38.736834;-9.156951;242.667428;5;0;25
38.736877;-9.156927;242.395684;5;0;25
38.736921;-9.156902;242.123940;5;0;25
38.736964;-9.156878;241.852196;5;0;25
38.737007;-9.156854;241.580452;5;0;25
38.737051;-9.156830;241.308708;5;0;25
38.737094;-9.156806;241.036964;5;0;25
38.737138;-9.156782;240.765220;5;0;25
38.737181;-9.156757;240.493476;5;0;25
38.737224;-9.156733;240.221732;5;0;25
38.737268;-9.156709;239.949988;5;0;25
38.737311;-9.156685;239.678244;5;0;25
38.737355;-9.156661;239.406500;5;0;25
38.737398;-9.156636;239.134756;5;0;25
38.737441;-9.156612;238.863012;5;0;25
38.737485;-9.156588;238.591268;5;0;25
38.737528;-9.156564;238.319524;5;0;25
38.737572;-9.156540;238.047780;5;0;25
38.737615;-9.156516;237.776036;5;0;25
38.737658;-9.156491;237.504292;5;0;25
38.737702;-9.156467;237.232548;5;0;25
38.737745;-9.156443;236.960804;5;0;25
38.737789;-9.156419;236.689059;5;0;25
38.737832;-9.156395;236.417315;5;0;25
38.737875;-9.156370;236.145571;5;0;25
38.737919;-9.156346;235.873827;5;0;25
38.737962;-9.156322;235.602083;5;0;25
38.738006;-9.156298;235.330339;5;0;25
38.738049;-9.156274;235.058595;5;0;25
38.738092;-9.156250;234.786851;5;0;25
38.738136;-9.156225;234.515107;5;0;25
38.738179;-9.156201;234.243363;5;0;25
38.738223;-9.156177;233.971619;5;0;25
38.738266;-9.156153;233.699875;5;0;25
38.738309;-9.156129;233.428131;5;0;25
38.738353;-9.156105;233.156387;5;0;25
38.738396;-9.156080;232.884643;5;0;25
38.738440;-9.156056;232.612899;5;0;25
38.738483;-9.156032;232.341155;5;0;25
38.738526;-9.156008;232.069411;5;0;25
38.738570;-9.155984;231.797667;5;0;25
38.738613;-9.155959;231.525923;5;0;25
38.738657;-9.155935;231.254179;5;0;25
38.738700;-9.155911;230.982435;5;0;25
38.738743;-9.155887;230.710691;5;0;25
38.738787;-9.155863;230.438947;5;0;25
38.738830;-9.155839;230.167202;5;0;25
38.738874;-9.155814;229.895458;5;0;25
38.738917;-9.155790;229.623714;5;0;25
38.738960;-9.155766;229.351970;5;0;25
38.739004;-9.155742;229.080226;5;0;25
38.739047;-9.155718;228.808482;5;0;25
38.739091;-9.155694;228.536738;5;0;25
38.739134;-9.155669;228.264994;5;0;25
38.739177;-9.155645;227.993250;5;0;25
38.739221;-9.155621;227.721506;5;0;25
38.739264;-9.155597;227.449762;5;0;25
38.739308;-9.155573;227.178018;5;0;25
38.739351;-9.155548;226.906274;5;0;25
38.739394;-9.155524;226.634530;5;0;25
38.739438;-9.155500;226.362786;5;0;25
38.739481;-9.155476;226.091042;5;0;25
38.739525;-9.155452;225.819298;5;0;25
38.739568;-9.155428;225.547554;5;0;25
38.739611;-9.155403;225.275810;5;0;25
38.739655;-9.155379;225.004066;5;0;25
38.739698;-9.155355;224.732322;5;0;25
38.739742;-9.155331;224.460578;5;0;25
38.739785;-9.155307;224.188834;5;0;25
38.739828;-9.155282;223.917090;5;0;25
38.739872;-9.155258;223.645346;5;0;25
38.739915;-9.155234;223.373601;5;0;25
38.739959;-9.155210;223.101857;5;0;25
38.740002;-9.155186;222.830113;5;0;25
38.740045;-9.155162;222.558369;5;0;25
38.740089;-9.155137;222.286625;5;0;25
38.740132;-9.155113;222.014881;5;0;25
38.740176;-9.155089;221.743137;5;0;25
38.740219;-9.155065;221.471393;5;0;25
38.740262;-9.155041;221.199649;5;0;25
38.740306;-9.155017;220.927905;5;0;25
38.740349;-9.154992;220.656161;5;0;25
38.740393;-9.154968;220.384417;5;0;25
38.740436;-9.154944;220.112673;5;0;25
38.740479;-9.154920;219.840929;5;0;25
38.740523;-9.154896;219.569185;5;0;25
38.740566;-9.154871;219.297441;5;0;25
38.740610;-9.154847;219.025697;5;0;25
38.740653;-9.154823;218.753953;5;0;25
38.740696;-9.154799;218.482209;5;0;25
38.740740;-9.154775;218.210465;5;0;25
38.740783;-9.154751;217.938721;5;0;25
38.740827;-9.154726;217.666977;5;0;25
38.740870;-9.154702;217.395233;5;0;25
38.740913;-9.154678;217.123489;5;0;25
38.740957;-9.154654;216.851745;5;0;25
38.741000;-9.154630;216.580000;5;0;25
38.741044;-9.154606;216.308256;5;0;25
38.741087;-9.154581;216.036512;5;0;25
38.741130;-9.154557;215.764768;5;0;25
38.741174;-9.154533;215.493024;5;0;25
38.741217;-9.154509;215.221280;5;0;25
38.741261;-9.154485;214.949536;5;0;25
38.741304;-9.154460;214.677792;5;0;25
38.741347;-9.154436;214.406048;5;0;25
38.741391;-9.154412;214.134304;5;0;25
38.741434;-9.154388;213.862560;5;0;25
38.741478;-9.154364;213.590816;5;0;25
38.741521;-9.154340;213.319072;5;0;25
38.741564;-9.154315;213.047328;5;0;25
38.741608;-9.154291;212.775584;5;0;25
38.741651;-9.154267;212.503840;5;0;25
38.741695;-9.154243;212.232096;5;0;25
38.741738;-9.154219;211.960352;5;0;25
38.741781;-9.154194;211.688608;5;0;25
38.741825;-9.154170;211.416864;5;0;25
38.741868;-9.154146;211.145120;5;0;25
38.741912;-9.154122;210.873376;5;0;25
38.741955;-9.154098;210.601632;5;0;25
38.741998;-9.154074;210.329888;5;0;25
38.742042;-9.154049;210.058143;5;0;25
38.742085;-9.154025;209.786399;5;0;25
38.742129;-9.154001;209.514655;5;0;25
38.742172;-9.153977;209.242911;5;0;25
38.742215;-9.153953;208.971167;5;0;25
38.742259;-9.153929;208.699423;5;0;25
38.742302;-9.153904;208.427679;5;0;25
38.742346;-9.153880;208.155935;5;0;25
38.742389;-9.153856;207.884191;5;0;25
38.742432;-9.153832;207.612447;5;0;25
38.742476;-9.153808;207.340703;5;0;25
38.742519;-9.153783;207.068959;5;0;25
38.742563;-9.153759;206.797215;5;0;25
38.742606;-9.153735;206.525471;5;0;25
38.742649;-9.153711;206.253727;5;0;25
38.742693;-9.153687;205.981983;5;0;25
38.742736;-9.153663;205.710239;5;0;25
38.742780;-9.153638;205.438495;5;0;25
38.742823;-9.153614;205.166751;5;0;25
38.742866;-9.153590;204.895007;5;0;25
38.742910;-9.153566;204.623263;5;0;25
38.742953;-9.153542;204.351519;5;0;25
38.742997;-9.153518;204.079775;5;0;25
38.743040;-9.153493;203.808031;5;0;25
38.743083;-9.153469;203.536287;5;0;25
38.743127;-9.153445;203.264542;5;0;25
38.743170;-9.153421;202.992798;5;0;25
38.743214;-9.153397;202.721054;5;0;25
38.743257;-9.153372;202.449310;5;0;25
38.743300;-9.153348;202.177566;5;0;25
38.743344;-9.153324;201.905822;5;0;25
38.743387;-9.153300;201.634078;5;0;25
38.743431;-9.153276;201.362334;5;0;25
38.743474;-9.153252;201.090590;5;0;25
38.743517;-9.153227;200.818846;5;0;25
38.743561;-9.153203;200.547102;5;0;25
38.743604;-9.153179;200.275358;5;0;25
38.743648;-9.153155;200.003614;5;0;25
38.743691;-9.153131;199.731870;5;0;25
38.743734;-9.153106;199.460126;5;0;25
38.743778;-9.153082;199.188382;5;0;25
38.743821;-9.153058;198.916638;5;0;25
38.743865;-9.153034;198.644894;5;0;25
38.743908;-9.153010;198.373150;5;0;25
38.743951;-9.152986;198.101406;5;0;25
38.743995;-9.152961;197.829662;5;0;25
38.744038;-9.152937;197.557918;5;0;25
38.744082;-9.152913;197.286174;5;0;25
38.744125;-9.152889;197.014430;5;0;25
38.744168;-9.152865;196.742685;5;0;25
38.744212;-9.152841;196.470941;5;0;25
38.744255;-9.152816;196.199197;5;0;25
38.744299;-9.152792;195.927453;5;0;25
38.744342;-9.152768;195.655709;5;0;25
38.744385;-9.152744;195.383965;5;0;25
38.744429;-9.152720;195.112221;5;0;25
38.744472;-9.152695;194.840477;5;0;25
38.744516;-9.152671;194.568733;5;0;25
38.744559;-9.152647;194.296989;5;0;25
38.744602;-9.152623;194.025245;5;0;25
38.744646;-9.152599;193.753501;5;0;25
38.744689;-9.152575;193.481757;5;0;25
38.744733;-9.152550;193.210013;5;0;25
38.744776;-9.152526;192.938269;5;0;25
38.744819;-9.152502;192.666525;5;0;25
38.744863;-9.152478;192.394781;5;0;25
38.744906;-9.152454;192.123037;5;0;25
38.744950;-9.152430;191.851293;5;0;25
38.744993;-9.152405;191.579549;5;0;25
38.745036;-9.152381;191.307805;5;0;25
38.745080;-9.152357;191.036061;5;0;25
38.745123;-9.152333;190.764317;5;0;25
38.745167;-9.152309;190.492573;5;0;25
38.745210;-9.152284;190.220829;5;0;25
38.745253;-9.152260;189.949084;5;0;25
38.745297;-9.152236;189.677340;5;0;25
38.745340;-9.152212;189.405596;5;0;25
38.745384;-9.152188;189.133852;5;0;25
38.745427;-9.152164;188.862108;5;0;25
38.745470;-9.152139;188.590364;5;0;25
38.745514;-9.152115;188.318620;5;0;25
38.745557;-9.152091;188.046876;5;0;25
38.745601;-9.152067;187.775132;5;0;25
38.745644;-9.152043;187.503388;5;0;25
38.745687;-9.152018;187.231644;5;0;25
38.745731;-9.151994;186.959900;5;0;25
38.745774;-9.151970;186.688156;5;0;25
38.745818;-9.151946;186.416412;5;0;25
38.745861;-9.151922;186.144668;5;0;25
38.745904;-9.151898;185.872924;5;0;25
38.745948;-9.151873;185.601180;5;0;25
38.745991;-9.151849;185.329436;5;0;25
38.746035;-9.151825;185.057692;5;0;25
38.746078;-9.151801;184.785948;5;0;25
38.746121;-9.151777;184.514204;5;0;25
38.746165;-9.151753;184.242460;5;0;25
38.746208;-9.151728;183.970716;5;0;25
38.746252;-9.151704;183.698972;5;0;25
38.746295;-9.151680;183.427227;5;0;25
38.746338;-9.151656;183.155483;5;0;25
38.746382;-9.151632;182.883739;5;0;25
38.746425;-9.151607;182.611995;5;0;25
38.746469;-9.151583;182.340251;5;0;25
38.746512;-9.151559;182.068507;5;0;25
38.746555;-9.151535;181.796763;5;0;25
38.746599;-9.151511;181.525019;5;0;25
38.746642;-9.151487;181.253275;5;0;25
38.746686;-9.151462;180.981531;5;0;25
38.746729;-9.151438;180.709787;5;0;25
38.746772;-9.151414;180.438043;5;0;25
38.746816;-9.151390;180.166299;5;0;25
38.746859;-9.151366;179.894555;5;0;25
38.746903;-9.151342;179.622811;5;0;25
38.746946;-9.151317;179.351067;5;0;25
38.746989;-9.151293;179.079323;5;0;25
38.747033;-9.151269;178.807579;5;0;25
38.747076;-9.151245;178.535835;5;0;25
38.747120;-9.151221;178.264091;5;0;25
38.747163;-9.151196;177.992347;5;0;25
38.747206;-9.151172;177.720603;5;0;25
38.747250;-9.151148;177.448859;5;0;25
38.747293;-9.151124;177.177115;5;0;25
38.747337;-9.151100;176.905371;5;0;25
38.747380;-9.151076;176.633626;5;0;25
38.747423;-9.151051;176.361882;5;0;25
38.747467;-9.151027;176.090138;5;0;25
38.747510;-9.151003;175.818394;5;0;25
38.747554;-9.150979;175.546650;5;0;25
38.747597;-9.150955;175.274906;5;0;25
38.747640;-9.150930;175.003162;5;0;25
38.747684;-9.150906;174.731418;5;0;25
38.747727;-9.150882;174.459674;5;0;25
38.747771;-9.150858;174.187930;5;0;25
38.747814;-9.150834;173.916186;5;0;25
38.747857;-9.150810;173.644442;5;0;25
38.747901;-9.150785;173.372698;5;0;25
38.747944;-9.150761;173.100954;5;0;25
38.747988;-9.150737;172.829210;5;0;25
38.748031;-9.150713;172.557466;5;0;25
38.748074;-9.150689;172.285722;5;0;25
38.748118;-9.150665;172.013978;5;0;25
38.748161;-9.150640;171.742234;5;0;25
38.748205;-9.150616;171.470490;5;0;25
38.748248;-9.150592;171.198746;5;0;25
38.748291;-9.150568;170.927002;5;0;25
38.748335;-9.150544;170.655258;5;0;25
38.748378;-9.150519;170.383514;5;0;25
38.748422;-9.150495;170.111769;5;0;25
38.748465;-9.150471;169.840025;5;0;25
38.748508;-9.150447;169.568281;5;0;25
38.748552;-9.150423;169.296537;5;0;25
38.748595;-9.150399;169.024793;5;0;25
38.748639;-9.150374;168.753049;5;0;25
38.748682;-9.150350;168.481305;5;0;25
38.748725;-9.150326;168.209561;5;0;25
38.748769;-9.150302;167.937817;5;0;25
38.748812;-9.150278;167.666073;5;0;25
38.748856;-9.150254;167.394329;5;0;25
38.748899;-9.150229;167.122585;5;0;25
38.748942;-9.150205;166.850841;5;0;25
38.748986;-9.150181;166.579097;5;0;25
38.749029;-9.150157;166.307353;5;0;25
38.749073;-9.150133;166.035609;5;0;25
38.749116;-9.150108;165.763865;5;0;25
38.749159;-9.150084;165.492121;5;0;25
38.749203;-9.150060;165.220377;5;0;25
38.749246;-9.150036;164.948633;5;0;25
38.749290;-9.150012;164.676889;5;0;25
38.749333;-9.149988;164.405145;5;0;25
38.749376;-9.149963;164.133401;5;0;25
38.749420;-9.149939;163.861657;5;0;25
38.749463;-9.149915;163.589913;5;0;25
38.749507;-9.149891;163.318168;5;0;25
38.749550;-9.149867;163.046424;5;0;25
38.749593;-9.149842;162.774680;5;0;25
38.749637;-9.149818;162.502936;5;0;25
38.749680;-9.149794;162.231192;5;0;25
38.749724;-9.149770;161.959448;5;0;25
38.749767;-9.149746;161.687704;5;0;25
38.749810;-9.149722;161.415960;5;0;25
38.749854;-9.149697;161.144216;5;0;25
38.749897;-9.149673;160.872472;5;0;25
38.749941;-9.149649;160.600728;5;0;25
38.749984;-9.149625;160.328984;5;0;25
38.750027;-9.149601;160.057240;5;0;25
38.750071;-9.149577;159.785496;5;0;25
38.750114;-9.149552;159.513752;5;0;25
38.750158;-9.149528;159.242008;5;0;25
38.750201;-9.149504;158.970264;5;0;25
38.750244;-9.149480;158.698520;5;0;25
38.750288;-9.149456;158.426776;5;0;25
38.750331;-9.149431;158.155032;5;0;25
38.750375;-9.149407;157.883288;5;0;25
38.750418;-9.149383;157.611544;5;0;25
38.750461;-9.149359;157.339800;5;0;25
38.750505;-9.149335;157.068056;5;0;25
38.750548;-9.149311;156.796311;5;0;25
38.750592;-9.149286;156.524567;5;0;25
38.750635;-9.149262;156.252823;5;0;25
38.750678;-9.149238;155.981079;5;0;25
38.750722;-9.149214;155.709335;5;0;25
38.750765;-9.149190;155.437591;5;0;25
38.750809;-9.149166;155.165847;5;0;25
38.750852;-9.149141;154.894103;5;0;25
38.750895;-9.149117;154.622359;5;0;25
38.750939;-9.149093;154.350615;5;0;25
38.750982;-9.149069;154.078871;5;0;25
38.751026;-9.149045;153.807127;5;0;25
38.751069;-9.149020;153.535383;5;0;25
38.751112;-9.148996;153.263639;5;0;25
38.751156;-9.148972;152.991895;5;0;25
38.751199;-9.148948;152.720151;5;0;25
38.751243;-9.148924;152.448407;5;0;25
38.751286;-9.148900;152.176663;5;0;25
38.751329;-9.148875;151.904919;5;0;25
38.751373;-9.148851;151.633175;5;0;25
38.751416;-9.148827;151.361431;5;0;25
38.751460;-9.148803;151.089687;5;0;25
38.751503;-9.148779;150.817943;5;0;25
38.751546;-9.148754;150.546199;5;0;25
38.751590;-9.148730;150.274455;5;0;25
38.751633;-9.148706;150.002710;5;0;25
38.751677;-9.148682;149.730966;5;0;25
38.751720;-9.148658;149.459222;5;0;25
38.751763;-9.148634;149.187478;5;0;25
38.751807;-9.148609;148.915734;5;0;25
38.751850;-9.148585;148.643990;5;0;25
38.751894;-9.148561;148.372246;5;0;25
38.751937;-9.148537;148.100502;5;0;25
38.751980;-9.148513;147.828758;5;0;25
38.752024;-9.148489;147.557014;5;0;25
38.752067;-9.148464;147.285270;5;0;25
38.752111;-9.148440;147.013526;5;0;25
38.752154;-9.148416;146.741782;5;0;25
38.752197;-9.148392;146.470038;5;0;25
38.752241;-9.148368;146.198294;5;0;25
38.752284;-9.148343;145.926550;5;0;25
38.752328;-9.148319;145.654806;5;0;25
38.752371;-9.148295;145.383062;5;0;25
38.752414;-9.148271;145.111318;5;0;25
38.752458;-9.148247;144.839574;5;0;25
38.752501;-9.148223;144.567830;5;0;25
38.752545;-9.148198;144.296086;5;0;25
38.752588;-9.148174;144.024342;5;0;25
38.752631;-9.148150;143.752598;5;0;25
38.752675;-9.148126;143.480854;5;0;25
38.752718;-9.148102;143.209109;5;0;25
38.752762;-9.148078;142.937365;5;0;25
38.752805;-9.148053;142.665621;5;0;25
38.752848;-9.148029;142.393877;5;0;25
38.752892;-9.148005;142.122133;5;0;25
38.752935;-9.147981;141.850389;5;0;25
38.752979;-9.147957;141.578645;5;0;25
38.753022;-9.147932;141.306901;5;0;25
38.753065;-9.147908;141.035157;5;0;25
38.753109;-9.147884;140.763413;5;0;25
38.753152;-9.147860;140.491669;5;0;25
38.753196;-9.147836;140.219925;5;0;25
38.753239;-9.147812;139.948181;5;0;25
38.753282;-9.147787;139.676437;5;0;25
38.753326;-9.147763;139.404693;5;0;25
38.753369;-9.147739;139.132949;5;0;25
38.753413;-9.147715;138.861205;5;0;25
38.753456;-9.147691;138.589461;5;0;25
38.753499;-9.147666;138.317717;5;0;25
38.753543;-9.147642;138.045973;5;0;25
38.753586;-9.147618;137.774229;5;0;25
38.753630;-9.147594;137.502485;5;0;25
38.753673;-9.147570;137.230741;5;0;25
38.753716;-9.147546;136.958997;5;0;25
38.753760;-9.147521;136.687252;5;0;25
38.753803;-9.147497;136.415508;5;0;25
38.753847;-9.147473;136.143764;5;0;25
38.753890;-9.147449;135.872020;5;0;25
38.753933;-9.147425;135.600276;5;0;25
38.753977;-9.147401;135.328532;5;0;25
38.754020;-9.147376;135.056788;5;0;25
38.754064;-9.147352;134.785044;5;0;25
38.754107;-9.147328;134.513300;5;0;25
38.754150;-9.147304;134.241556;5;0;25
38.754194;-9.147280;133.969812;5;0;25
38.754237;-9.147255;133.698068;5;0;25
38.754281;-9.147231;133.426324;5;0;25
38.754324;-9.147207;133.154580;5;0;25
38.754367;-9.147183;132.882836;5;0;25
38.754411;-9.147159;132.611092;5;0;25
38.754454;-9.147135;132.339348;5;0;25
38.754498;-9.147110;132.067604;5;0;25
38.754541;-9.147086;131.795860;5;0;25
38.754584;-9.147062;131.524116;5;0;25
38.754628;-9.147038;131.252372;5;0;25
38.754671;-9.147014;130.980628;5;0;25
38.754715;-9.146990;130.708884;5;0;25
38.754758;-9.146965;130.437140;5;0;25
38.754801;-9.146941;130.165396;5;0;25
38.754845;-9.146917;129.893651;5;0;25
38.754888;-9.146893;129.621907;5;0;25
38.754932;-9.146869;129.350163;5;0;25
38.754975;-9.146844;129.078419;5;0;25
38.755018;-9.146820;128.806675;5;0;25
38.755062;-9.146796;128.534931;5;0;25
38.755105;-9.146772;128.263187;5;0;25
38.755149;-9.146748;127.991443;5;0;25
38.755192;-9.146724;127.719699;5;0;25
38.755235;-9.146699;127.447955;5;0;25
38.755279;-9.146675;127.176211;5;0;25
38.755322;-9.146651;126.904467;5;0;25
38.755366;-9.146627;126.632723;5;0;25
38.755409;-9.146603;126.360979;5;0;25
38.755452;-9.146578;126.089235;5;0;25
38.755496;-9.146554;125.817491;5;0;25
38.755539;-9.146530;125.545747;5;0;25
38.755583;-9.146506;125.274003;5;0;25
38.755626;-9.146482;125.002259;5;0;25
38.755669;-9.146458;124.730515;5;0;25
38.755713;-9.146433;124.458771;5;0;25
38.755756;-9.146409;124.187027;5;0;25
38.755800;-9.146385;123.915283;5;0;25
38.755843;-9.146361;123.643539;5;0;25
38.755886;-9.146337;123.371794;5;0;25
38.755930;-9.146313;123.100050;5;0;25
38.755973;-9.146288;122.828306;5;0;25
38.756017;-9.146264;122.556562;5;0;25
38.756060;-9.146240;122.284818;5;0;25
38.756103;-9.146216;122.013074;5;0;25
38.756147;-9.146192;121.741330;5;0;25
38.756190;-9.146167;121.469586;5;0;25
38.756234;-9.146143;121.197842;5;0;25
38.756277;-9.146119;120.926098;5;0;25
38.756320;-9.146095;120.654354;5;0;25
38.756364;-9.146071;120.382610;5;0;25
38.756407;-9.146047;120.110866;5;0;25
38.756451;-9.146022;119.839122;5;0;25
38.756494;-9.145998;119.567378;5;0;25
38.756537;-9.145974;119.295634;5;0;25
38.756581;-9.145950;119.023890;5;0;25
38.756624;-9.145926;118.752146;5;0;25
38.756668;-9.145902;118.480402;5;0;25
38.756711;-9.145877;118.208658;5;0;25
38.756754;-9.145853;117.936914;5;0;25
38.756798;-9.145829;117.665170;5;0;25
38.756841;-9.145805;117.393426;5;0;25
38.756885;-9.145781;117.121682;5;0;25
38.756928;-9.145756;116.849938;5;0;25
38.756971;-9.145732;116.578193;5;0;25
38.757015;-9.145708;116.306449;5;0;25
38.757058;-9.145684;116.034705;5;0;25
38.757102;-9.145660;115.762961;5;0;25
38.757145;-9.145636;115.491217;5;0;25
38.757188;-9.145611;115.219473;5;0;25
38.757232;-9.145587;114.947729;5;0;25
38.757275;-9.145563;114.675985;5;0;25
38.757319;-9.145539;114.404241;5;0;25
38.757362;-9.145515;114.132497;5;0;25
38.757405;-9.145490;113.860753;5;0;25
38.757449;-9.145466;113.589009;5;0;25
38.757492;-9.145442;113.317265;5;0;25
38.757536;-9.145418;113.045521;5;0;25
38.757579;-9.145394;112.773777;5;0;25
38.757622;-9.145370;112.502033;5;0;25
38.757666;-9.145345;112.230289;5;0;25
38.757709;-9.145321;111.958545;5;0;25
38.757753;-9.145297;111.686801;5;0;25
38.757796;-9.145273;111.415057;5;0;25
38.757839;-9.145249;111.143313;5;0;25
38.757883;-9.145225;110.871569;5;0;25
38.757926;-9.145200;110.599825;5;0;25
38.757970;-9.145176;110.328081;5;0;25
38.758013;-9.145152;110.056336;5;0;25
38.758056;-9.145128;109.784592;5;0;25
38.758100;-9.145104;109.512848;5;0;25
38.758143;-9.145079;109.241104;5;0;25
38.758187;-9.145055;108.969360;5;0;25
38.758230;-9.145031;108.697616;5;0;25
38.758273;-9.145007;108.425872;5;0;25
38.758317;-9.144983;108.154128;5;0;25
38.758360;-9.144959;107.882384;5;0;25
38.758404;-9.144934;107.610640;5;0;25
38.758447;-9.144910;107.338896;5;0;25
38.758490;-9.144886;107.067152;5;0;25
38.758534;-9.144862;106.795408;5;0;25
38.758577;-9.144838;106.523664;5;0;25
38.758621;-9.144814;106.251920;5;0;25
38.758664;-9.144789;105.980176;5;0;25
38.758707;-9.144765;105.708432;5;0;25
38.758751;-9.144741;105.436688;5;0;25
38.758794;-9.144717;105.164944;5;0;25
38.758838;-9.144693;104.893200;5;0;25
38.758881;-9.144668;104.621456;5;0;25
38.758924;-9.144644;104.349712;5;0;25
38.758968;-9.144620;104.077968;5;0;25
38.759011;-9.144596;103.806224;5;0;25
38.759055;-9.144572;103.534480;5;0;25
38.759098;-9.144548;103.262735;5;0;25
38.759141;-9.144523;102.990991;5;0;25
38.759185;-9.144499;102.719247;5;0;25
38.759228;-9.144475;102.447503;5;0;25
38.759272;-9.144451;102.175759;5;0;25
38.759315;-9.144427;101.904015;5;0;25
38.759358;-9.144402;101.632271;5;0;25
38.759402;-9.144378;101.360527;5;0;25
38.759445;-9.144354;101.088783;5;0;25
38.759489;-9.144330;100.817039;5;0;25
38.759532;-9.144306;100.545295;5;0;25
38.759575;-9.144282;100.273551;5;0;25
38.759619;-9.144257;100.001807;5;0;25
38.759662;-9.144233;99.730063;5;0;25
38.759706;-9.144209;99.458319;5;0;25
38.759749;-9.144185;99.186575;5;0;25
38.759792;-9.144161;98.914831;5;0;25
38.759836;-9.144137;98.643087;5;0;25
38.759879;-9.144112;98.371343;5;0;25
38.759923;-9.144088;98.099599;5;0;25
38.759966;-9.144064;97.827855;5;0;25
38.760009;-9.144040;97.556111;5;0;25
38.760053;-9.144016;97.284367;5;0;25
38.760096;-9.143991;97.012623;5;0;25
38.760140;-9.143967;96.740878;5;0;25
38.760183;-9.143943;96.469134;5;0;25
38.760226;-9.143919;96.197390;5;0;25
38.760270;-9.143895;95.925646;5;0;25
38.760313;-9.143871;95.653902;5;0;25
38.760357;-9.143846;95.382158;5;0;25
38.760400;-9.143822;95.110414;5;0;25
38.760443;-9.143798;94.838670;5;0;25
38.760487;-9.143774;94.566926;5;0;25
38.760530;-9.143750;94.295182;5;0;25
38.760574;-9.143726;94.023438;5;0;25
38.760617;-9.143701;93.751694;5;0;25
38.760660;-9.143677;93.479950;5;0;25
38.760704;-9.143653;93.208206;5;0;25
38.760747;-9.143629;92.936462;5;0;25
38.760791;-9.143605;92.664718;5;0;25
38.760834;-9.143580;92.392974;5;0;25
38.760877;-9.143556;92.121230;5;0;25
38.760921;-9.143532;91.849486;5;0;25
38.760964;-9.143508;91.577742;5;0;25
38.761008;-9.143484;91.305998;5;0;25
38.761051;-9.143460;91.034254;5;0;25
38.761094;-9.143435;90.762510;5;0;25
38.761138;-9.143411;90.490766;5;0;25
38.761181;-9.143387;90.219022;5;0;25
38.761225;-9.143363;89.947277;5;0;25
38.761268;-9.143339;89.675533;5;0;25
38.761311;-9.143314;89.403789;5;0;25
38.761355;-9.143290;89.132045;5;0;25
38.761398;-9.143266;88.860301;5;0;25
38.761442;-9.143242;88.588557;5;0;25
38.761485;-9.143218;88.316813;5;0;25
38.761528;-9.143194;88.045069;5;0;25
38.761572;-9.143169;87.773325;5;0;25
38.761615;-9.143145;87.501581;5;0;25
38.761659;-9.143121;87.229837;5;0;25
38.761702;-9.143097;86.958093;5;0;25
38.761745;-9.143073;86.686349;5;0;25
38.761789;-9.143049;86.414605;5;0;25
38.761832;-9.143024;86.142861;5;0;25
38.761876;-9.143000;85.871117;5;0;25
38.761919;-9.142976;85.599373;5;0;25
38.761962;-9.142952;85.327629;5;0;25
38.762006;-9.142928;85.055885;5;0;25
38.762049;-9.142903;84.784141;5;0;25
38.762093;-9.142879;84.512397;5;0;25
38.762136;-9.142855;84.240653;5;0;25
38.762179;-9.142831;83.968909;5;0;25
38.762223;-9.142807;83.697165;5;0;25
38.762266;-9.142783;83.425421;5;0;25
38.762310;-9.142758;83.153676;5;0;25
38.762353;-9.142734;82.881932;5;0;25
38.762396;-9.142710;82.610188;5;0;25
38.762440;-9.142686;82.338444;5;0;25
38.762483;-9.142662;82.066700;5;0;25
38.762527;-9.142638;81.794956;5;0;25
38.762570;-9.142613;81.523212;5;0;25
38.762613;-9.142589;81.251468;5;0;25
38.762657;-9.142565;80.979724;5;0;25
38.762700;-9.142541;80.707980;5;0;25
38.762744;-9.142517;80.436236;5;0;25
38.762787;-9.142492;80.164492;5;0;25
38.762830;-9.142468;79.892748;5;0;25
38.762874;-9.142444;79.621004;5;0;25
38.762917;-9.142420;79.349260;5;0;25
38.762961;-9.142396;79.077516;5;0;25
38.763004;-9.142372;78.805772;5;0;25
38.763047;-9.142347;78.534028;5;0;25
38.763091;-9.142323;78.262284;5;0;25
38.763134;-9.142299;77.990540;5;0;25
38.763178;-9.142275;77.718796;5;0;25
38.763221;-9.142251;77.447052;5;0;25
38.763264;-9.142226;77.175308;5;0;25
38.763308;-9.142202;76.903564;5;0;25
38.763351;-9.142178;76.631819;5;0;25
38.763395;-9.142154;76.360075;5;0;25
38.763438;-9.142130;76.088331;5;0;25
38.763481;-9.142106;75.816587;5;0;25
38.763525;-9.142081;75.544843;5;0;25
38.763568;-9.142057;75.273099;5;0;25
38.763612;-9.142033;75.001355;5;0;25
38.763655;-9.142009;74.729611;5;0;25
38.763698;-9.141985;74.457867;5;0;25
38.763742;-9.141961;74.186123;5;0;25
38.763785;-9.141936;73.914379;5;0;25
38.763829;-9.141912;73.642635;5;0;25
38.763872;-9.141888;73.370891;5;0;25
38.763915;-9.141864;73.099147;5;0;25
38.763959;-9.141840;72.827403;5;0;25
38.764002;-9.141815;72.555659;5;0;25
38.764046;-9.141791;72.283915;5;0;25
38.764089;-9.141767;72.012171;5;0;25
38.764132;-9.141743;71.740427;5;0;25
38.764176;-9.141719;71.468683;5;0;25
38.764219;-9.141695;71.196939;5;0;25
38.764263;-9.141670;70.925195;5;0;25
38.764306;-9.141646;70.653451;5;0;25
38.764349;-9.141622;70.381707;5;0;25
38.764393;-9.141598;70.109963;5;0;25
38.764436;-9.141574;69.838218;5;0;25
38.764480;-9.141550;69.566474;5;0;25
38.764523;-9.141525;69.294730;5;0;25
38.764566;-9.141501;69.022986;5;0;25
38.764610;-9.141477;68.751242;5;0;25
38.764653;-9.141453;68.479498;5;0;25
38.764697;-9.141429;68.207754;5;0;25
38.764740;-9.141404;67.936010;5;0;25
38.764783;-9.141380;67.664266;5;0;25
38.764827;-9.141356;67.392522;5;0;25
38.764870;-9.141332;67.120778;5;0;25
38.764914;-9.141308;66.849034;5;0;25
38.764957;-9.141284;66.577290;5;0;25
38.765000;-9.141259;66.305546;5;0;25
38.765044;-9.141235;66.033802;5;0;25
38.765087;-9.141211;65.762058;5;0;25
38.765131;-9.141187;65.490314;5;0;25
38.765174;-9.141163;65.218570;5;0;25
38.765217;-9.141138;64.946826;5;0;25
38.765261;-9.141114;64.675082;5;0;25
38.765304;-9.141090;64.403338;5;0;25
38.765348;-9.141066;64.131594;5;0;25
38.765391;-9.141042;63.859850;5;0;25
38.765434;-9.141018;63.588106;5;0;25
38.765478;-9.140993;63.316361;5;0;25
38.765521;-9.140969;63.044617;5;0;25
38.765565;-9.140945;62.772873;5;0;25
38.765608;-9.140921;62.501129;5;0;25
38.765651;-9.140897;62.229385;5;0;25
38.765695;-9.140873;61.957641;5;0;25
38.765738;-9.140848;61.685897;5;0;25
38.765782;-9.140824;61.414153;5;0;25
38.765825;-9.140800;61.142409;5;0;25
38.765868;-9.140776;60.870665;5;0;25
38.765912;-9.140752;60.598921;5;0;25
38.765955;-9.140727;60.327177;5;0;25
38.765999;-9.140703;60.055433;5;0;25
38.766042;-9.140679;59.783689;5;0;25
38.766085;-9.140655;59.511945;5;0;25
38.766129;-9.140631;59.240201;5;0;25
38.766172;-9.140607;58.968457;5;0;25
38.766216;-9.140582;58.696713;5;0;25
38.766259;-9.140558;58.424969;5;0;25
38.766302;-9.140534;58.153225;5;0;25
38.766346;-9.140510;57.881481;5;0;25
38.766389;-9.140486;57.609737;5;0;25
38.766433;-9.140462;57.337993;5;0;25
38.766476;-9.140437;57.066249;5;0;25
38.766519;-9.140413;56.794505;5;0;25
38.766563;-9.140389;56.522760;5;0;25
38.766606;-9.140365;56.251016;5;0;25
38.766650;-9.140341;55.979272;5;0;25
38.766693;-9.140316;55.707528;5;0;25
38.766736;-9.140292;55.435784;5;0;25
38.766780;-9.140268;55.164040;5;0;25
38.766823;-9.140244;54.892296;5;0;25
38.766867;-9.140220;54.620552;5;0;25
38.766910;-9.140196;54.348808;5;0;25
38.766953;-9.140171;54.077064;5;0;25
38.766997;-9.140147;53.805320;5;0;25
38.767040;-9.140123;53.533576;5;0;25
38.767084;-9.140099;53.261832;5;0;25
38.767127;-9.140075;52.990088;5;0;25
38.767170;-9.140050;52.718344;5;0;25
38.767214;-9.140026;52.446600;5;0;25
38.767257;-9.140002;52.174856;5;0;25
38.767301;-9.139978;51.903112;5;0;25
38.767344;-9.139954;51.631368;5;0;25
38.767387;-9.139930;51.359624;5;0;25
38.767431;-9.139905;51.087880;5;0;25
38.767474;-9.139881;50.816136;5;0;25
38.767518;-9.139857;50.544392;5;0;25
38.767561;-9.139833;50.272648;5;0;25
38.767604;-9.139809;50.000903;5;0;25
38.767648;-9.139785;49.729159;5;0;25
38.767691;-9.139760;49.457415;5;0;25
38.767735;-9.139736;49.185671;5;0;25
38.767778;-9.139712;48.913927;5;0;25
38.767821;-9.139688;48.642183;5;0;25
38.767865;-9.139664;48.370439;5;0;25
38.767908;-9.139639;48.098695;5;0;25
38.767952;-9.139615;47.826951;5;0;25
38.767995;-9.139591;47.555207;5;0;25
38.768038;-9.139567;47.283463;5;0;25
38.768082;-9.139543;47.011719;5;0;25
38.768125;-9.139519;46.739975;5;0;25
38.768169;-9.139494;46.468231;5;0;25
38.768212;-9.139470;46.196487;5;0;25
38.768255;-9.139446;45.924743;5;0;25
38.768299;-9.139422;45.652999;5;0;25
38.768342;-9.139398;45.381255;5;0;25
38.768386;-9.139374;45.109511;5;0;25
38.768429;-9.139349;44.837767;5;0;25
38.768472;-9.139325;44.566023;5;0;25
38.768516;-9.139301;44.294279;5;0;25
38.768559;-9.139277;44.022535;5;0;25
38.768603;-9.139253;43.750791;5;0;25
38.768646;-9.139228;43.479047;5;0;25
38.768689;-9.139204;43.207302;5;0;25
38.768733;-9.139180;42.935558;5;0;25
38.768776;-9.139156;42.663814;5;0;25
38.768820;-9.139132;42.392070;5;0;25
38.768863;-9.139108;42.120326;5;0;25
38.768906;-9.139083;41.848582;5;0;25
38.768950;-9.139059;41.576838;5;0;25
38.768993;-9.139035;41.305094;5;0;25
38.769037;-9.139011;41.033350;5;0;25
38.769080;-9.138987;40.761606;5;0;25
38.769123;-9.138962;40.489862;5;0;25
38.769167;-9.138938;40.218118;5;0;25
38.769210;-9.138914;39.946374;5;0;25
38.769254;-9.138890;39.674630;5;0;25
38.769297;-9.138866;39.402886;5;0;25
38.769340;-9.138842;39.131142;5;0;25
38.769384;-9.138817;38.859398;5;0;25
38.769427;-9.138793;38.587654;5;0;25
38.769471;-9.138769;38.315910;5;0;25
38.769514;-9.138745;38.044166;5;0;25
38.769557;-9.138721;37.772422;5;0;25
38.769601;-9.138697;37.500678;5;0;25
38.769644;-9.138672;37.228934;5;0;25
38.769688;-9.138648;36.957190;5;0;25
38.769731;-9.138624;36.685445;5;0;25
38.769774;-9.138600;36.413701;5;0;25
38.769818;-9.138576;36.141957;5;0;25
38.769861;-9.138551;35.870213;5;0;25
38.769905;-9.138527;35.598469;5;0;25
38.769948;-9.138503;35.326725;5;0;25
38.769991;-9.138479;35.054981;5;0;25
38.770035;-9.138455;34.783237;5;0;25
38.770078;-9.138431;34.511493;5;0;25
38.770122;-9.138406;34.239749;5;0;25
38.770165;-9.138382;33.968005;5;0;25
38.770208;-9.138358;33.696261;5;0;25
38.770252;-9.138334;33.424517;5;0;25
38.770295;-9.138310;33.152773;5;0;25
38.770339;-9.138286;32.881029;5;0;25
38.770382;-9.138261;32.609285;5;0;25
38.770425;-9.138237;32.337541;5;0;25
38.770469;-9.138213;32.065797;5;0;25
38.770512;-9.138189;31.794053;5;0;25
38.770556;-9.138165;31.522309;5;0;25
38.770599;-9.138140;31.250565;5;0;25
38.770642;-9.138116;30.978821;5;0;25
38.770686;-9.138092;30.707077;5;0;25
38.770729;-9.138068;30.435333;5;0;25
38.770773;-9.138044;30.163589;5;0;25
38.770816;-9.138020;29.891844;5;0;25
38.770859;-9.137995;29.620100;5;0;25
38.770903;-9.137971;29.348356;5;0;25
38.770946;-9.137947;29.076612;5;0;25
38.770990;-9.137923;28.804868;5;0;25
38.771033;-9.137899;28.533124;5;0;25
38.771076;-9.137874;28.261380;5;0;25
38.771120;-9.137850;27.989636;5;0;25
38.771163;-9.137826;27.717892;5;0;25
38.771207;-9.137802;27.446148;5;0;25
38.771250;-9.137778;27.174404;5;0;25
38.771293;-9.137754;26.902660;5;0;25
38.771337;-9.137729;26.630916;5;0;25
38.771380;-9.137705;26.359172;5;0;25
38.771424;-9.137681;26.087428;5;0;25
38.771467;-9.137657;25.815684;5;0;25
38.771510;-9.137633;25.543940;5;0;25
38.771554;-9.137609;25.272196;5;0;25
38.771597;-9.137584;25.000452;5;0;25
38.771641;-9.137560;24.728708;5;0;25
38.771684;-9.137536;24.456964;5;0;25
38.771727;-9.137512;24.185220;5;0;25
38.771771;-9.137488;23.913476;5;0;25
38.771814;-9.137463;23.641732;5;0;25
38.771858;-9.137439;23.369988;5;0;25
38.771901;-9.137415;23.098243;5;0;25
38.771944;-9.137391;22.826499;5;0;25
38.771988;-9.137367;22.554755;5;0;25
38.772031;-9.137343;22.283011;5;0;25
38.772075;-9.137318;22.011267;5;0;25
38.772118;-9.137294;21.739523;5;0;25
38.772161;-9.137270;21.467779;5;0;25
38.772205;-9.137246;21.196035;5;0;25
38.772248;-9.137222;20.924291;5;0;25
38.772292;-9.137198;20.652547;5;0;25
38.772335;-9.137173;20.380803;5;0;25
38.772378;-9.137149;20.109059;5;0;25
38.772422;-9.137125;19.837315;5;0;25
38.772465;-9.137101;19.565571;5;0;25
38.772509;-9.137077;19.293827;5;0;25
38.772552;-9.137052;19.022083;5;0;25
38.772595;-9.137028;18.750339;5;0;25
38.772639;-9.137004;18.478595;5;0;25
38.772682;-9.136980;18.206851;5;0;25
38.772726;-9.136956;17.935107;5;0;25
38.772769;-9.136932;17.663363;5;0;25
38.772812;-9.136907;17.391619;5;0;25
38.772856;-9.136883;17.119875;5;0;25
38.772899;-9.136859;16.848131;5;0;25
38.772943;-9.136835;16.576386;5;0;25
38.772986;-9.136811;16.304642;5;0;25
38.773029;-9.136786;16.032898;5;0;25
38.773073;-9.136762;15.761154;5;0;25
38.773116;-9.136738;15.489410;5;0;25
38.773160;-9.136714;15.217666;5;0;25
38.773203;-9.136690;14.945922;5;0;25
38.773246;-9.136666;14.674178;5;0;25
38.773290;-9.136641;14.402434;5;0;25
38.773333;-9.136617;14.130690;5;0;25
38.773377;-9.136593;13.858946;5;0;25
38.773420;-9.136569;13.587202;5;0;25
38.773463;-9.136545;13.315458;5;0;25
38.773507;-9.136521;13.043714;5;0;25
38.773550;-9.136496;12.771970;5;0;25
38.773594;-9.136472;12.500226;5;0;25
38.773637;-9.136448;12.228482;5;0;25
38.773680;-9.136424;11.956738;5;0;25
38.773724;-9.136400;11.684994;5;0;25
38.773767;-9.136375;11.413250;5;0;25
38.773811;-9.136351;11.141506;5;0;25
38.773854;-9.136327;10.869762;5;0;25
38.773897;-9.136303;10.598018;5;0;25
38.773941;-9.136279;10.326274;5;0;25
38.773984;-9.136255;10.054530;5;0;25
38.774028;-9.136230;9.782785;5;0;25
38.774071;-9.136206;9.511041;5;0;25
38.774114;-9.136182;9.239297;5;0;25
38.774158;-9.136158;8.967553;5;0;25
38.774201;-9.136134;8.695809;5;0;25
38.774245;-9.136110;8.424065;5;0;25
38.774288;-9.136085;8.152321;5;0;25
38.774331;-9.136061;7.880577;5;0;25
38.774375;-9.136037;7.608833;5;0;25
38.774418;-9.136013;7.337089;5;0;25
38.774462;-9.135989;7.065345;5;0;25
38.774505;-9.135964;6.793601;5;0;25
38.774548;-9.135940;6.521857;5;0;25
38.774592;-9.135916;6.250113;5;0;25
38.774635;-9.135892;5.978369;5;0;25
38.774679;-9.135868;5.706625;5;0;25
38.774722;-9.135844;5.434881;5;0;25
38.774765;-9.135819;5.163137;5;0;25
38.774809;-9.135795;4.891393;5;0;25
38.774852;-9.135771;4.619649;5;0;25
38.774896;-9.135747;4.347905;5;0;25
38.774939;-9.135723;4.076161;5;0;25
38.774982;-9.135698;3.804417;5;0;25
38.775026;-9.135674;3.532673;5;0;25
38.775069;-9.135650;3.260928;5;0;25
38.775113;-9.135626;2.989184;5;0;25
38.775156;-9.135602;2.717440;5;0;25
38.775199;-9.135578;2.445696;5;0;25
38.775243;-9.135553;2.173952;5;0;25
38.775286;-9.135529;1.902208;5;0;25
38.775330;-9.135505;1.630464;5;0;25
38.775373;-9.135481;1.358720;5;0;25
38.775416;-9.135457;1.086976;5;0;25
38.775460;-9.135433;0.815232;5;0;25
38.775503;-9.135408;0.543488;5;0;25
38.775547;-9.135384;0.271744;5;0;25
38.775590;-9.135360;0.000000;5;0;25
